0
Params: lr = 0.01, weight_decay = 1e-05, eps = 1e-08
epoch: 20
train_loss_list: [1218.574705004692, 1064.0038595199585, 1006.8328174352646, 970.3453639149666, 939.8349564671516, 918.5574994087219, 897.0865097641945, 877.0050426125526, 862.3557158112526, 849.5468035340309, 833.9644442200661, 822.3020461797714, 810.4590834379196, 798.2727366685867, 789.6187610626221, 777.8897749185562, 769.4152204990387, 761.3440237641335, 750.3876722455025, 743.8837756514549]
train_acc_list: [37.51555633544922, 45.8488883972168, 48.844444274902344, 50.793331146240234, 52.56888961791992, 53.45777893066406, 54.69111251831055, 55.6622200012207, 56.28889083862305, 57.03111267089844, 57.96000289916992, 58.7400016784668, 58.89778137207031, 59.93333435058594, 59.96222686767578, 60.9555549621582, 61.31111526489258, 61.77555847167969, 62.146671295166016, 62.60444641113281]
val_loss_list: [132.6589035987854, 118.36757111549377, 117.42981505393982, 112.0633173584938, 112.03147888183594, 108.2874698638916, 106.57136249542236, 105.23984694480896, 102.89779323339462, 103.54444658756256, 102.76518499851227, 99.9590950012207, 103.38660871982574, 104.69777411222458, 107.37685960531235, 97.68622916936874, 98.61690276861191, 97.10759246349335, 104.11436867713928, 96.24523448944092]
val_acc_list: [39.23999786376953, 46.21999740600586, 47.13999938964844, 49.019996643066406, 49.099998474121094, 49.73999786376953, 51.89999771118164, 52.57999801635742, 53.380001068115234, 53.880001068115234, 53.499996185302734, 53.999996185302734, 54.02000045776367, 54.57999801635742, 53.939998626708984, 55.97999572753906, 56.400001525878906, 56.599998474121094, 54.73999786376953, 57.36000061035156]

