0
Params: lr = 0.01, weight_decay = 1e-05
epoch: 20
train_loss_list: [1321.8597648143768, 1173.4568536281586, 1124.1240159273148, 1096.1555577516556, 1079.1576486825943, 1063.1561249494553, 1049.9509471654892, 1039.867520570755, 1033.4116234779358, 1021.781571149826, 1016.1017980575562, 1009.5321468114853, 1008.9225194454193, 1001.7872668504715, 1001.7898690700531, 996.6834577322006, 996.081714630127, 993.1092003583908, 986.3233268260956, 984.9572629928589]
train_acc_list: [31.237777709960938, 39.88444519042969, 42.735557556152344, 43.88444519042969, 44.89777755737305, 45.815555572509766, 46.20222091674805, 47.03333282470703, 47.40666580200195, 47.87111282348633, 48.328887939453125, 48.55111312866211, 48.72888946533203, 48.80666732788086, 49.05111312866211, 49.32666778564453, 49.315555572509766, 49.48666763305664, 49.880001068115234, 49.93555450439453]
val_loss_list: [138.70298779010773, 127.86476278305054, 124.31924486160278, 123.13664472103119, 119.63928592205048, 119.67475628852844, 117.66188395023346, 116.06116473674774, 117.79711413383484, 114.98777770996094, 114.77269983291626, 113.2389907836914, 113.27591598033905, 114.89021015167236, 112.17911982536316, 112.36355209350586, 113.77272999286652, 114.57919180393219, 113.2450841665268, 114.35661995410919]
val_acc_list: [37.13999938964844, 41.52000045776367, 43.519996643066406, 44.02000045776367, 45.599998474121094, 45.65999984741211, 45.380001068115234, 46.2599983215332, 46.39999771118164, 47.84000015258789, 46.65999984741211, 48.15999984741211, 48.13999938964844, 47.7599983215332, 49.19999694824219, 49.3599967956543, 47.84000015258789, 48.18000030517578, 48.63999938964844, 48.459999084472656]

