0
Params: lr = 0.01, weight_decay = 1e-05, momentum = 0.9
epoch: 20
train_loss_list: [1521.571210861206, 1413.579765200615, 1384.5753518342972, 1375.4252868890762, 1372.933465719223, 1367.3320842981339, 1361.5862159729004, 1349.734773159027, 1351.7457803487778, 1340.3271831274033, 1350.8828965425491, 1341.6966706514359, 1345.2300800085068, 1343.290724515915, 1352.1973662376404, 1350.6049888134003, 1345.160209774971, 1346.7886875867844, 1345.8545274734497, 1336.5613607168198]
train_acc_list: [19.671110153198242, 23.688888549804688, 26.420000076293945, 27.90888786315918, 27.944446563720703, 28.317779541015625, 28.897777557373047, 29.38222312927246, 29.873332977294922, 30.471111297607422, 29.72888946533203, 29.975557327270508, 29.686664581298828, 29.746665954589844, 29.562223434448242, 29.242223739624023, 29.38222312927246, 29.38888931274414, 29.79777717590332, 29.73111343383789]
val_loss_list: [162.18605482578278, 157.16127145290375, 153.80784928798676, 150.89327013492584, 151.6767863035202, 152.85382652282715, 147.98893558979034, 148.21274256706238, 150.7220197916031, 149.6058954000473, 153.8238891363144, 149.31834828853607, 151.42369413375854, 153.1931539773941, 145.3723179101944, 153.40388250350952, 148.89279568195343, 151.80958020687103, 149.2038562297821, 150.16685163974762]
val_acc_list: [23.68000030517578, 23.119998931884766, 28.899999618530273, 30.84000015258789, 30.84000015258789, 29.099998474121094, 31.360000610351562, 31.919998168945312, 30.599998474121094, 28.919998168945312, 27.599998474121094, 31.039997100830078, 29.239999771118164, 30.579999923706055, 32.619998931884766, 27.759998321533203, 30.81999969482422, 29.35999870300293, 29.96000099182129, 30.339998245239258]

